1201    2.34    34.12    2018-05-12    NE    40    12.33    1.232    32    1230    60
1202    12.34    34.12    2017-06-12    SE    10    12.33    2.022    42    1200    52
1203    22.34    34.12    2019-07-12    WE    45    12.33    3.21    12    1300    40
1204    26.34    34.12    2018-08-12    E    49    12.33    0.2    22    2300    55
1205    27.34    34.12    2018-09-12    N    43    12.33    11.12    32    1230    61
1206    2.14    34.12    2017-04-12    W    20    12.33    21.2    31    2100    34
1207    9.34    34.12    2017-03-12    S    22    12.33    11.2    33    2200    32
1208    8.34    34.12    2017-02-12    EW    50    12.33    10.22    36    1210    35
1209    6.34    34.12    2017-01-12    WN    10    12.33    1.212    33    1350    37
1210    7.34    34.12    2019-10-12    SW    17    12.33    1.23    38    6200    98
1211    5.34    34.12    2016-11-12    WS    49    12.33    0.12    39    1223    120
1212    4.34    34.12    2016-12-12    N    34    12.33    0.27    22    1211    43
1213    3.34    34.12    2016-04-12    SE    61    12.33    1.234    72    3210    62
1214    2.34    34.12    2013-05-12    WE    47    12.33    1.287    81    3320    76
1215    1.34    34.12    2014-05-12    ES    36    12.33    1.126    36    2230    10
1216    0.34    34.12    2015-05-12    NE    37    12.33    1.078    34    3431    63